1
2
3
4
5
6
7
8
9
10
12
13
14
15
16
17
18
20
21
22
23
24
25
26
27
28
30
31
32
33
34
35
36
37
38
39
40
41
43
44
45
46
47
48
49
50
51
52
53
54
55
56
57
58
59
60
61
62
63
64
65
66
67
69
70
71
72
73
74
75
76
77
78
79
80
81
82
83
84
85
86
87
88
89
90
92
93
94
95
96
97
98
99
100
101
102
103
105
106
107
108
109
110
111
112
114
116
117
118
119
120
121
122
124
125
126
127
128
129
135
136
155
158
165
183
197
199
202
226
232
242
259
262
296
304
305
308
309
315
320
326
327
328
331
334
337
340
344
345
351
355
358
360
362
365
370
371
375
376
380
382
391
392
393
394
395
397
398
401
403
404
408
420
421
424
428
430
433
436
439
440
441
443
445
450
466
480
485
513
519
520
523
526
527
528
529
530
531
532
533
534
536
537
538
539
540
541
544
545
546
547
548
553
554
555
556
557
558
559
563
564
565
566
567
568
569
570
572
577
579
580
587
590
591
592
593
594
595
596
597
624
627
631
632
638
642
649
651
653
654
657
658
659
660
661
662
663
664
665
667
668
669
670
671
673
674
675
676
677
678
680
681
682
683
684
685
688
689
695
696
697
698
699
701
703
707
708
710
712
713
718
719
720
722
723
724
726
727
729
734
738
781
793
814
815
821
822
824
825
826
828
832
833
834
836
837
838
839
840
841
842
843
847
848
849
851
852
853
857
859
861
865
873
874
877
885
886
887
888
889
890
894
896
897
900
905
907
908
910
911
912
913
914
915
917
918
920
921
922
924
926
927
928
929
930
932
933
934
936
938
940
941
942
943
944
946
948
950
954
955
959
960
966
968
969
970
971
973
976
978
981
984
985
986
988
989
991
992
994
995
996
997
998
999
1000
1001
1002
1003
1004
1005
1006
1007
1008
1010
1011
1012
1013
1014
1017
1018
1019
1020
1021
1022
1023
1024
1025
1026
1027
1028
1029
1030
1031
1033
1035
1037
1038
1039
1040
1041
1042
1043
1045
1046
1047
1049
1052
1053
1054
1056
1061
1063
1064
1065
1066
1069
1070
1071
1072
1073
1074
1075
1077
1078
1080
1081
1083
1084
1085
1086
1087
1088
1090
1092

585
1009
1015
1016
1048
1055
1058
1068
1082
1089
1091
1093
1094

646
751
794
798
799
801
812
823
831
845
846
880
895
898
923
931
935
937
939
956
957
987
1032
1044
1050
1057
1059
1060

535
542
571
573
574
575
576
578
581
582
583
584
586
588
589
598
599
600
601
602
603
604
605
606
607
608
609
610
611
612
613
614
615
616
619
621
622
626
629
633
636
637
639
640
643
644
687
736
737
739
741
743
748
792
796
827
854
860
1034
1036
1076

42
68
91
104
123
142
149
153
156
166
189
193
205
209
243
244
256
264
268
269
271
274
312
346
363
416

752
754
755
756
757
759
760
764
766
767
770
771
774
780
784
786
791
795
797
800
802
803
804
806
807
855
856
869
884
945
947
949
952
953
958
961
962
963
964
965
967
972
974
975
977
979
980
982
983
990
1051

813
817
818
819
820
829
830
835
844
850
858
862
864
866
867
868
870
872
876
878
879
881
882
891
893
909
1062

356
635
641
648
700
702
704
705
706
709
730
731
732
733
735
740
744
805
903
916
919
925
951
993
1067
1095

130
131
137
139
141
147
148
150
154
159
160
162
164
168
170
171
172
174
175
177
178
185
187
188
190
191
192
194
196
198
200
201
203
204
206
207
208
210
211
212
213
214
215
216
217
218
219
220
221
222
223
227
228
231
233
234
235
236
237
238
239
246
247
249
251
252
253
257
261
263
265
266
270
273
276
277
280
281
282
283
284
285
286
287
288
289
290
291
292
293
294
298
299
302
303
307
311
313
314
318
319
322
323
329
330
332
333
335
336
343
348
349
352
354
359
361
364
366
367
368
373
374
378
379
407
409
411
414
415
417
418
427
437
446
447
448
449
452
453
457
458
462
465
469
470
471
474
475
478
484
488
510
511
518
522
525
549
561
617
618
623
628
630
634
645
647
650
655
656
666
672
679
686
690
691
692
711
714
716
717
742
750
758
762
765
768
769
772
773
775
776
777
778
779
782
783
785
787
788
789
790
808
892
899
901
906
1079

11
19
29
113
115
169
278
301
316
317
321
324
325
338
341
357
369
372
377
381
383
384
386
388
389
396
400
402
405
419
422
423
425
426
429
431
435
444
451
460
464
467
468
476
477
479
482
489
494
524
543
550
625
745
811

132
133
134
138
140
143
144
145
146
151
152
157
161
163
167
173
179
180
181
182
184
186
195
224
225
229
230
267
272
310
342
385
387
390
399
410
412
432
434
455
456
459
461
463
486
521
551
552
560
562
620
693
694
728
746
747
761
763
863
902
904

176
810
871
875

240
241
245
248
250
254
255
258
260
275
279
295
297
300
306
339
347
350
353
406
413
438
442
454
472
473
481
483
487
490
491
492
493
495
496
497
498
499
500
501
502
503
504
505
506
507
508
509
512
514
515
516
517
652
715
721
725
749
753
809
816
883

