1
2
3
4
5
6
7
8
9
10
12
13
14
15
16
17
18
20
21
22
23
24
25
26
27
28
30
32
33
34
35
36
37
38
39
40
41
43
45
46
47
48
49
50
51
52
53
54
55
56
57
58
59
60
61
62
63
64
65
66
67
69
71
72
73
74
75
76
77
78
79
80
81
82
84
85
87
88
89
90
93
94
95
96
97
98
99
101
103
105
106
107
108
109
110
111
112
114
116
117
118
119
120
121
122
124
125
126
127
128
129
183
226
232
259
631
632
649
664
688
689
712
729

31
44
70
83
86
92
100
102
305
309
315
320
326
327
328
331
334
340
344
345
351
355
358
360
362
365
370
371
375
376
380
382
391
392
393
394
395
398
403
404
408
421
424
433
436
439
440
441
519
528
591

135
136
155
158
165
197
199
202
242
420
428
430
485
520
523
526
527
529
530
531
532
536
537
538
539
540
541
544
545
546
547
548
553
554
555
556
557
558
559
563
564
565
566
567
568
569
570
572
577
579
580
587
590
592
593
594
595
596
627
680
683
708
718
719
720
722
723
724
726
727
738
814
836
852
865
900
908
913
914
917
918
920
921
922
924
926
927
928
929
930
933
936
938
940
946
950
966
984
986
989
992
994
1000
1008
1017
1022
1049
1061
1064
1065
1070
1073
1074

887
890
942
960
978
991
1001
1004

781
815
839
840
841
842
848
849
853
861
877
885
886
888
894
896
897
907
910
911
912
915
932
934
941
948
954
955
959
968
969
970
971
973
976
981
985
996
997
1002
1010
1018
1021
1024
1026
1029

821
822
824
825
826
828
832
833
834
837
838
843
847
851
857
859
873
874
889
905
943
944
988
995
998
999
1003
1005
1006
1007
1011
1012
1013
1014
1019
1020
1023
1025
1027
1028
1030
1031
1033
1035
1037
1038
1039
1040
1041
1042
1043
1045
1046
1047
1052
1053
1054
1056
1063
1066
1069
1071
1072
1075
1077
1078
1080
1081
1083
1084
1085
1086
1087
1088
1090
1092

585
1009
1015
1016
1048
1055
1058
1068
1082
1089
1091
1093
1094

646
751
794
798
799
801
812
823
831
845
846
880
895
898
923
931
935
937
939
956
957
987
1032
1044
1050
1057
1059
1060

535
542
571
573
574
575
576
578
581
582
583
584
586
588
589
598
599
600
601
602
603
604
605
606
607
608
609
610
611
612
613
614
615
616
619
621
622
626
629
633
636
637
639
640
643
644
687
736
737
739
741
743
748
792
796
827
854
860
1034
1036
1076

42
68
91
104
123
142
149
153
156
166
189
193
205
209
243
244
256
264
268
269
271
274
312
346
363
416

752
754
755
756
757
759
760
764
766
767
770
771
774
780
784
786
791
795
797
800
802
803
804
806
807
855
856
869
884
945
947
949
952
953
958
961
962
963
964
965
967
972
974
975
977
979
980
982
983
990
1051

813
817
818
819
820
829
830
835
844
850
858
862
864
866
867
868
870
872
876
878
879
881
882
891
893
909
1062

356
635
641
648
700
702
704
705
706
709
730
731
732
733
735
740
744
805
903
916
919
925
951
993
1067
1095

139
148
172
175
198
200
204
208
211
212
213
214
216
218
220
222
228
233
234
236
246
247
249
251
252
257
261
263
265
266
270
273
277
284
286
287
289
290
291
293
294
318
319
322
323
329
330
332
333
335
336
343
348
349
352
354
359
364
366
368
373
374
379
407
409
411
414
415
417
418
427
437
446
447
448
452
453
457
458
462
469
470
471
474
475
478
484
488
510
511
518
522
525
549
561
617
618
623
628
630
634
645
647
650
655
656
666
672
686
690
691
692
711
714
716
717
742
758
762
765
768
769
773
775
779
783
785
787
788
789
790
808
892
899
901
906
1079

11
19
29
113
115
169
278
301
316
317
321
324
325
338
341
357
369
372
377
381
383
384
386
388
389
396
400
402
405
419
422
423
425
426
429
431
435
444
451
460
464
467
468
476
477
479
482
489
494
524
543
550
625
745
811

130
131
137
141
147
150
154
159
160
162
164
168
170
171
174
177
178
185
187
188
190
191
192
194
196
201
203
206
207
210
215
217
219
221
223
227
231
235
237
238
239
253
276
280
281
282
283
285
288
292
298
299
302
303
307
311
313
314
361
367
378
449
465
679
750
772
776
777
778
782

132
133
134
138
140
143
144
145
146
151
152
157
161
163
167
173
179
180
181
182
184
186
195
224
225
229
230
267
272
310
342
385
387
390
399
410
412
432
434
455
456
459
461
463
486
521
551
552
560
562
620
693
694
728
746
747
761
763
863
902
904

176
810
871
875

240
241
245
248
250
254
255
258
260
275
279
295
297
300
306
339
347
350
353
406
413
438
442
454
472
473
481
483
487
490
491
492
493
495
496
497
498
499
500
501
502
503
504
505
506
507
508
509
512
514
515
516
517
652
715
721
725
749
753
809
816
883

262
296
304
308
337
397
401
443
445
450
466
480
513
533
534
597
624
638
642
651
653
654
657
658
659
660
661
662
663
665
667
668
669
670
671
673
674
675
676
677
678
681
682
684
685
695
696
697
698
699
701
703
707
710
713
734
793

