t_index tf-idf
      1  0.031
      2  0.068
      3  0.015
      4  0.127
      5   0.06
      6  0.071
      7  0.059
      8  0.072
      9  0.039
     10  0.035
     11  0.094
     12  0.056
     13  0.031
     14  0.082
     15  0.037
     16  0.077
     17  0.057
     18  0.116
     19  0.165
     20  0.122
     21  0.025
     22  0.029
     23  0.036
     24   0.05
     25  0.132
     26  0.055
     27  0.073
     28  0.044
     29  0.019
     30  0.042
     31  0.051
     32  0.059
     33  0.064
     34  0.048
     35  0.098
     36  0.089
     37  0.039
     38  0.128
     39  0.134
     40  0.052
     41  0.117
     42  0.062
     43   0.02
     44  0.087
     45  0.024
     46  0.052
     47   0.03
     48  0.068
     49  0.018
     50  0.029
     51  0.144
     52  0.047
     53  0.033
     54  0.078
     55  0.074
     56  0.064
     57  0.073
     58  0.067
     59  0.009
     60  0.122
     61  0.026
     62   0.12
     63  0.077
     64  0.067
     65  0.057
     66  0.075
     67  0.282
     68   0.05
     69  0.044
     70  0.049
     71  0.071
     72  0.063
     73  0.084
     74  0.058
     75  0.093
     76  0.052
     77  0.086
     78  0.033
     79  0.044
     80  0.034
     81  0.104
     82  0.127
     83  0.071
     84  0.039
     85  0.065
     86  0.127
     87  0.059
     88  0.094
     89  0.045
     90  0.055
     91   0.04
     92   0.08
     93  0.038
     94  0.058
     95  0.057
     96  0.029
     97  0.094
     98  0.051
     99  0.032
    100  0.085
    101  0.095
    102  0.102
    103  0.026
    104  0.075
    105  0.038
    106  0.241
    107  0.054
    108  0.155
    109  0.093
    110   0.05
    111  0.072
    112  0.034
    113  0.046
    114  0.216
    115  0.053
    116   0.05
    117  0.103
    118  0.027
    119  0.078
    120  0.209
    121  0.027
    122  0.041
    123  0.116
    124  0.052
    125  0.046
    126  0.016
    127  0.297
    128  0.122
    129  0.075
    130  0.133
    131  0.069
    132  0.048
