t_index tf-idf
      1   0.02
      2  0.043
     13  0.078
     15  0.024
     21  0.016
     26  0.106
     47  0.019
     49  0.012
     50  0.037
     53  0.021
     55  0.047
     59  0.017
     62  0.077
     64  0.021
     67  0.036
     68  0.032
     69  0.028
     71  0.046
     74  0.037
     78  0.062
     84  0.012
     86  0.041
     96  0.009
     97   0.06
     99   0.02
    102  0.065
    103  0.017
    106  0.038
    108  0.099
    110  0.032
    117  0.066
    120  0.107
    121  0.103
    126  0.021
    127  0.126
    133  0.031
    136  0.036
    145  0.051
    147  0.039
    153  0.053
    156  0.015
    159   0.01
    165  0.079
    166  0.036
    168   0.04
    170  0.036
    172  0.075
    181  0.032
    248  0.034
    272  0.075
    286  0.046
    290  0.019
    323  0.034
    329  0.042
    333  0.006
    341  0.024
    342  0.006
    377  0.052
    398  0.041
    417  0.027
    484  0.017
    505  0.027
    554  0.063
    638  0.049
    654  0.033
    656  0.014
    671  0.041
    738  0.042
    761  0.017
    773  0.052
    799  0.034
    839  0.019
    862  0.033
    906  0.046
    931  0.047
    960  0.029
   1012  0.071
   1028  0.068
   1062  0.069
   1067  0.027
   1068  0.043
   1090  0.042
   1136  0.045
   1179  0.074
   1216  0.114
   1236  0.041
   1246   0.04
   1251  0.038
   1267   0.04
   1321  0.374
   1418  0.034
   1781  0.043
   1906  0.176
   2072  0.068
   2143  0.033
   2329  0.044
   2334   0.06
   2712  0.056
   2745  0.058
   3120  0.059
   3181  0.054
   3233  0.055
   3247   0.05
   3364  0.057
   3455  0.074
   3463  0.176
   3617  0.057
   3860  0.036
   4440  0.066
   4459   0.12
   4808  0.049
   4813  0.082
   4815  0.047
   4819   0.04
   4885  0.042
   5111  0.059
   5603  0.053
   5655  0.062
   6106  0.064
   6727  0.095
   7111  0.067
   7112  0.253
   7113  0.068
   7114   0.21
   7115   0.21
   7116  0.105
   7117  0.105
   7118  0.105
   7119  0.422
   7120  0.068
   7121  0.064
   7122   0.19
   7123  0.089
   7124  0.089
   7125  0.089
   7126  0.148
   7127  0.081
   7128  0.074
